G3dErrFileVersion 2018P3.1
FlagFileMetaData Begin
   Mesh Size - Setup1, Refinement, Pass #1, Freq. 3.125000e+09 :Title    
   Listing of mesh elements with small segments. :ToolTip  
   hf3d :Author   
   1647434253 :TimeStamp
FlagFileMetaData End
BEGIN_ERR 
26 Small mesh segment detected on body : mp50ohm
 Small mesh segment detected on body : mp50ohm 
 Segment Statistics - Number of Segments : 1 --- Segment length(s) : 0.035000mm. The cutoff frequency for S-Matrix Only Solve is 5.99584916MHz 
3 -1  66  67  # nfids, fids[]
2 62  -1  # nbids, bids[]
      4 2 1 0 #ntets ntri ned npts
          -1.0000000000000000e+01   3.6249999999999988e-01   7.9000000000000026e-01 #xyz tv0
          -5.0000000000000000e+00   7.2499999999999998e-01   7.9000000000000004e-01 #xyz tv1
          -1.0000000000000000e+01   7.2499999999999998e-01   8.2499999999999996e-01 #xyz tv2
          -1.0000000000000000e+01   7.2499999999999976e-01   7.9000000000000037e-01 -1 62 #xyz tv3 fid bid
          -1.1250000000000000e+01   6.2500000000000000e+00   7.9000000000000004e-01 #xyz tv0
          -1.0000000000000000e+01   7.2499999999999998e-01   8.2499999999999996e-01 #xyz tv1
          -5.0000000000000000e+00   7.2499999999999998e-01   7.9000000000000004e-01 #xyz tv2
          -1.0000000000000000e+01   7.2499999999999976e-01   7.9000000000000037e-01 -1 62 #xyz tv3 fid bid
          -1.0000000000000000e+01   3.6249999999999988e-01   7.9000000000000026e-01 #xyz tv0
          -1.0000000000000000e+01   7.2499999999999998e-01   8.2499999999999996e-01 #xyz tv1
          -1.5000000000000000e+01   0.0000000000000000e+00   7.9000000000000004e-01 #xyz tv2
          -1.0000000000000000e+01   7.2499999999999976e-01   7.9000000000000037e-01 -1 62 #xyz tv3 fid bid
          -1.0000000000000000e+01   7.2499999999999998e-01   8.2499999999999996e-01 #xyz tv0
          -1.1250000000000000e+01   6.2500000000000000e+00   7.9000000000000004e-01 #xyz tv1
          -1.5000000000000000e+01   0.0000000000000000e+00   7.9000000000000004e-01 #xyz tv2
          -1.0000000000000000e+01   7.2499999999999976e-01   7.9000000000000037e-01 -1 62 #xyz tv3 fid bid
          -1.0000000000000000e+01   3.6249999999999988e-01   7.9000000000000026e-01 #xyz tv0
          -1.0000000000000000e+01   7.2499999999999976e-01   7.9000000000000037e-01 #xyz tv1
          -1.0000000000000000e+01   7.2499999999999998e-01   8.2499999999999996e-01 66 -1 #xyz tv2 fid bid
          -1.0000000000000000e+01   7.2499999999999976e-01   7.9000000000000037e-01 #xyz tv0
          -5.0000000000000000e+00   7.2499999999999998e-01   7.9000000000000004e-01 #xyz tv1
          -1.0000000000000000e+01   7.2499999999999998e-01   8.2499999999999996e-01 67 -1 #xyz tv2 fid bid
          -1.0000000000000000e+01   7.2499999999999976e-01   7.9000000000000037e-01 #xyz ev0
          -1.0000000000000000e+01   7.2499999999999998e-01   8.2499999999999996e-01 -1 62 #xyz ev1 fid bid
   0   0.000000000000e+00   0.000000000000e+00   0.000000000000e+00 #flag location
END_ERR 
G3dErrFileVersion 2018P3.1
FlagFileMetaData Begin
   Mesh Size - Setup1, Refinement, Pass #2, Freq. 3.125000e+09 :Title    
   Listing of mesh elements with small segments. :ToolTip  
   hf3d :Author   
   1647434254 :TimeStamp
FlagFileMetaData End
BEGIN_ERR 
26 Small mesh segment detected on body : mp50ohm
 Small mesh segment detected on body : mp50ohm 
 Segment Statistics - Number of Segments : 1 --- Segment length(s) : 0.035000mm. The cutoff frequency for S-Matrix Only Solve is 5.99584916MHz 
3 -1  66  67  # nfids, fids[]
2 62  -1  # nbids, bids[]
      5 2 1 0 #ntets ntri ned npts
          -1.0000000000000000e+01   3.6249999999999988e-01   7.9000000000000026e-01 #xyz tv0
          -5.0000000000000000e+00   7.2499999999999998e-01   7.9000000000000004e-01 #xyz tv1
          -1.0000000000000000e+01   7.2499999999999998e-01   8.2499999999999996e-01 #xyz tv2
          -1.0000000000000000e+01   7.2499999999999976e-01   7.9000000000000037e-01 -1 62 #xyz tv3 fid bid
          -8.0153963942486470e+00   3.3395417543720569e+00   7.9000000000000004e-01 #xyz tv0
          -1.0000000000000000e+01   7.2499999999999976e-01   7.9000000000000037e-01 #xyz tv1
          -1.0000000000000000e+01   7.2499999999999998e-01   8.2499999999999996e-01 #xyz tv2
          -5.0000000000000000e+00   7.2499999999999998e-01   7.9000000000000004e-01 -1 62 #xyz tv3 fid bid
          -1.0000000000000000e+01   3.6249999999999988e-01   7.9000000000000026e-01 #xyz tv0
          -1.0000000000000000e+01   7.2499999999999998e-01   8.2499999999999996e-01 #xyz tv1
          -1.5000000000000000e+01   0.0000000000000000e+00   7.9000000000000004e-01 #xyz tv2
          -1.0000000000000000e+01   7.2499999999999976e-01   7.9000000000000037e-01 -1 62 #xyz tv3 fid bid
          -8.0153963942486470e+00   3.3395417543720569e+00   7.9000000000000004e-01 #xyz tv0
          -1.0000000000000000e+01   7.2499999999999998e-01   8.2499999999999996e-01 #xyz tv1
          -1.0000000000000000e+01   7.2499999999999976e-01   7.9000000000000037e-01 #xyz tv2
          -1.1030792788497296e+01   5.9540835087441142e+00   7.9000000000000004e-01 -1 62 #xyz tv3 fid bid
          -1.0000000000000000e+01   7.2499999999999998e-01   8.2499999999999996e-01 #xyz tv0
          -1.1030792788497296e+01   5.9540835087441142e+00   7.9000000000000004e-01 #xyz tv1
          -1.5000000000000000e+01   0.0000000000000000e+00   7.9000000000000004e-01 #xyz tv2
          -1.0000000000000000e+01   7.2499999999999976e-01   7.9000000000000037e-01 -1 62 #xyz tv3 fid bid
          -1.0000000000000000e+01   3.6249999999999988e-01   7.9000000000000026e-01 #xyz tv0
          -1.0000000000000000e+01   7.2499999999999976e-01   7.9000000000000037e-01 #xyz tv1
          -1.0000000000000000e+01   7.2499999999999998e-01   8.2499999999999996e-01 66 -1 #xyz tv2 fid bid
          -1.0000000000000000e+01   7.2499999999999976e-01   7.9000000000000037e-01 #xyz tv0
          -5.0000000000000000e+00   7.2499999999999998e-01   7.9000000000000004e-01 #xyz tv1
          -1.0000000000000000e+01   7.2499999999999998e-01   8.2499999999999996e-01 67 -1 #xyz tv2 fid bid
          -1.0000000000000000e+01   7.2499999999999976e-01   7.9000000000000037e-01 #xyz ev0
          -1.0000000000000000e+01   7.2499999999999998e-01   8.2499999999999996e-01 -1 62 #xyz ev1 fid bid
   0   0.000000000000e+00   0.000000000000e+00   0.000000000000e+00 #flag location
END_ERR 
G3dErrFileVersion 2018P3.1
FlagFileMetaData Begin
   Mesh Size - Setup1, Refinement, Pass #3, Freq. 3.125000e+09 :Title    
   Listing of mesh elements with small segments. :ToolTip  
   hf3d :Author   
   1647434255 :TimeStamp
FlagFileMetaData End
BEGIN_ERR 
26 Small mesh segment detected on body : mp50ohm
 Small mesh segment detected on body : mp50ohm 
 Segment Statistics - Number of Segments : 1 --- Segment length(s) : 0.035000mm. The cutoff frequency for S-Matrix Only Solve is 5.99584916MHz 
3 -1  66  67  # nfids, fids[]
2 62  -1  # nbids, bids[]
      4 2 1 0 #ntets ntri ned npts
          -7.5000000000000000e+00   7.2499999999999987e-01   7.9000000000000026e-01 #xyz tv0
          -1.0000000000000000e+01   7.2499999999999998e-01   8.2499999999999996e-01 #xyz tv1
          -1.0000000000000000e+01   3.6249999999999988e-01   7.9000000000000026e-01 #xyz tv2
          -1.0000000000000000e+01   7.2499999999999976e-01   7.9000000000000037e-01 -1 62 #xyz tv3 fid bid
          -1.2512830328540538e+01   3.0163687186498915e+00   7.9000000000000004e-01 #xyz tv0
          -1.0000000000000000e+01   3.6249999999999988e-01   7.9000000000000026e-01 #xyz tv1
          -1.0000000000000000e+01   7.2499999999999998e-01   8.2499999999999996e-01 #xyz tv2
          -1.0000000000000000e+01   7.2499999999999976e-01   7.9000000000000037e-01 -1 62 #xyz tv3 fid bid
          -7.5000000000000000e+00   7.2499999999999987e-01   7.9000000000000026e-01 #xyz tv0
          -8.0153963942486470e+00   3.3395417543720569e+00   7.9000000000000004e-01 #xyz tv1
          -1.0000000000000000e+01   7.2499999999999998e-01   8.2499999999999996e-01 #xyz tv2
          -1.0000000000000000e+01   7.2499999999999976e-01   7.9000000000000037e-01 -1 62 #xyz tv3 fid bid
          -1.2512830328540538e+01   3.0163687186498915e+00   7.9000000000000004e-01 #xyz tv0
          -1.0000000000000000e+01   7.2499999999999998e-01   8.2499999999999996e-01 #xyz tv1
          -8.0153963942486470e+00   3.3395417543720569e+00   7.9000000000000004e-01 #xyz tv2
          -1.0000000000000000e+01   7.2499999999999976e-01   7.9000000000000037e-01 -1 62 #xyz tv3 fid bid
          -1.0000000000000000e+01   3.6249999999999988e-01   7.9000000000000026e-01 #xyz tv0
          -1.0000000000000000e+01   7.2499999999999976e-01   7.9000000000000037e-01 #xyz tv1
          -1.0000000000000000e+01   7.2499999999999998e-01   8.2499999999999996e-01 66 -1 #xyz tv2 fid bid
          -1.0000000000000000e+01   7.2499999999999976e-01   7.9000000000000037e-01 #xyz tv0
          -7.5000000000000000e+00   7.2499999999999987e-01   7.9000000000000026e-01 #xyz tv1
          -1.0000000000000000e+01   7.2499999999999998e-01   8.2499999999999996e-01 67 -1 #xyz tv2 fid bid
          -1.0000000000000000e+01   7.2499999999999976e-01   7.9000000000000037e-01 #xyz ev0
          -1.0000000000000000e+01   7.2499999999999998e-01   8.2499999999999996e-01 -1 62 #xyz ev1 fid bid
   0   0.000000000000e+00   0.000000000000e+00   0.000000000000e+00 #flag location
END_ERR 
G3dErrFileVersion 2018P3.1
FlagFileMetaData Begin
   Mesh Size - Setup1, Refinement, Pass #4, Freq. 3.125000e+09 :Title    
   Listing of mesh elements with small segments. :ToolTip  
   hf3d :Author   
   1647434257 :TimeStamp
FlagFileMetaData End
BEGIN_ERR 
26 Small mesh segment detected on body : mp50ohm
 Small mesh segment detected on body : mp50ohm 
 Segment Statistics - Number of Segments : 1 --- Segment length(s) : 0.035000mm. The cutoff frequency for S-Matrix Only Solve is 5.99584916MHz 
3 -1  66  67  # nfids, fids[]
2 62  -1  # nbids, bids[]
      6 2 1 0 #ntets ntri ned npts
          -7.5000000000000000e+00   7.2499999999999987e-01   7.9000000000000026e-01 #xyz tv0
          -1.0000000000000000e+01   7.2499999999999998e-01   8.2499999999999996e-01 #xyz tv1
          -1.0000000000000000e+01   3.6249999999999988e-01   7.9000000000000026e-01 #xyz tv2
          -1.0000000000000000e+01   7.2499999999999976e-01   7.9000000000000037e-01 -1 62 #xyz tv3 fid bid
          -1.2500000000000000e+01   2.0027160644531256e-01   7.9000000000000004e-01 #xyz tv0
          -1.0000000000000000e+01   7.2499999999999998e-01   8.2499999999999996e-01 #xyz tv1
          -1.0000000000000000e+01   7.2499999999999976e-01   7.9000000000000037e-01 #xyz tv2
          -1.0000000000000000e+01   3.6249999999999988e-01   7.9000000000000026e-01 -1 62 #xyz tv3 fid bid
          -7.5000000000000000e+00   7.2499999999999987e-01   7.9000000000000026e-01 #xyz tv0
          -8.0153963942486470e+00   3.3395417543720569e+00   7.9000000000000004e-01 #xyz tv1
          -1.0000000000000000e+01   7.2499999999999998e-01   8.2499999999999996e-01 #xyz tv2
          -1.0000000000000000e+01   7.2499999999999976e-01   7.9000000000000037e-01 -1 62 #xyz tv3 fid bid
          -1.0000000000000000e+01   7.2499999999999998e-01   8.2499999999999996e-01 #xyz tv0
          -1.2441603894021018e+01   3.0505660589890455e+00   7.9000000000000004e-01 #xyz tv1
          -1.2500000000000000e+01   2.0027160644531256e-01   7.9000000000000004e-01 #xyz tv2
          -1.0000000000000000e+01   7.2499999999999976e-01   7.9000000000000037e-01 -1 62 #xyz tv3 fid bid
          -1.0264113361394593e+01   3.1779552365109742e+00   7.9000000000000004e-01 #xyz tv0
          -1.0000000000000000e+01   7.2499999999999976e-01   7.9000000000000037e-01 #xyz tv1
          -1.0000000000000000e+01   7.2499999999999998e-01   8.2499999999999996e-01 #xyz tv2
          -8.0153963942486470e+00   3.3395417543720569e+00   7.9000000000000004e-01 -1 62 #xyz tv3 fid bid
          -1.0000000000000000e+01   7.2499999999999998e-01   8.2499999999999996e-01 #xyz tv0
          -1.0264113361394593e+01   3.1779552365109742e+00   7.9000000000000004e-01 #xyz tv1
          -1.2441603894021018e+01   3.0505660589890455e+00   7.9000000000000004e-01 #xyz tv2
          -1.0000000000000000e+01   7.2499999999999976e-01   7.9000000000000037e-01 -1 62 #xyz tv3 fid bid
          -1.0000000000000000e+01   3.6249999999999988e-01   7.9000000000000026e-01 #xyz tv0
          -1.0000000000000000e+01   7.2499999999999976e-01   7.9000000000000037e-01 #xyz tv1
          -1.0000000000000000e+01   7.2499999999999998e-01   8.2499999999999996e-01 66 -1 #xyz tv2 fid bid
          -1.0000000000000000e+01   7.2499999999999976e-01   7.9000000000000037e-01 #xyz tv0
          -7.5000000000000000e+00   7.2499999999999987e-01   7.9000000000000026e-01 #xyz tv1
          -1.0000000000000000e+01   7.2499999999999998e-01   8.2499999999999996e-01 67 -1 #xyz tv2 fid bid
          -1.0000000000000000e+01   7.2499999999999976e-01   7.9000000000000037e-01 #xyz ev0
          -1.0000000000000000e+01   7.2499999999999998e-01   8.2499999999999996e-01 -1 62 #xyz ev1 fid bid
   0   0.000000000000e+00   0.000000000000e+00   0.000000000000e+00 #flag location
END_ERR 
G3dErrFileVersion 2018P3.1
FlagFileMetaData Begin
   Mesh Size - Setup1, Refinement, Pass #5, Freq. 3.125000e+09 :Title    
   Listing of mesh elements with small segments. :ToolTip  
   hf3d :Author   
   1647434258 :TimeStamp
FlagFileMetaData End
BEGIN_ERR 
26 Small mesh segment detected on body : mp50ohm
 Small mesh segment detected on body : mp50ohm 
 Segment Statistics - Number of Segments : 1 --- Segment length(s) : 0.035000mm. The cutoff frequency for S-Matrix Only Solve is 5.99584916MHz 
3 -1  66  67  # nfids, fids[]
2 62  -1  # nbids, bids[]
      5 2 1 0 #ntets ntri ned npts
          -7.5000000000000000e+00   7.2499999999999987e-01   7.9000000000000026e-01 #xyz tv0
          -1.0000000000000000e+01   7.2499999999999998e-01   8.2499999999999996e-01 #xyz tv1
          -1.0000000000000000e+01   3.6249999999999988e-01   7.9000000000000026e-01 #xyz tv2
          -1.0000000000000000e+01   7.2499999999999976e-01   7.9000000000000037e-01 -1 62 #xyz tv3 fid bid
          -1.2055567833476942e+01   2.3974575037606866e-01   7.9000000000000004e-01 #xyz tv0
          -1.0000000000000000e+01   7.2499999999999998e-01   8.2499999999999996e-01 #xyz tv1
          -1.0000000000000000e+01   7.2499999999999976e-01   7.9000000000000037e-01 #xyz tv2
          -1.0000000000000000e+01   3.6249999999999988e-01   7.9000000000000026e-01 -1 62 #xyz tv3 fid bid
          -8.9486089686395083e+00   2.0056180457455879e+00   7.9000000000000026e-01 #xyz tv0
          -1.0000000000000000e+01   7.2499999999999998e-01   8.2499999999999996e-01 #xyz tv1
          -7.5000000000000000e+00   7.2499999999999987e-01   7.9000000000000026e-01 #xyz tv2
          -1.0000000000000000e+01   7.2499999999999976e-01   7.9000000000000037e-01 -1 62 #xyz tv3 fid bid
          -1.1066489386455451e+01   1.8820832292485477e+00   7.9000000000000026e-01 #xyz tv0
          -1.2055567833476942e+01   2.3974575037606866e-01   7.9000000000000004e-01 #xyz tv1
          -1.0000000000000000e+01   7.2499999999999998e-01   8.2499999999999996e-01 #xyz tv2
          -1.0000000000000000e+01   7.2499999999999976e-01   7.9000000000000037e-01 -1 62 #xyz tv3 fid bid
          -8.9486089686395083e+00   2.0056180457455879e+00   7.9000000000000026e-01 #xyz tv0
          -1.1066489386455451e+01   1.8820832292485477e+00   7.9000000000000026e-01 #xyz tv1
          -1.0000000000000000e+01   7.2499999999999998e-01   8.2499999999999996e-01 #xyz tv2
          -1.0000000000000000e+01   7.2499999999999976e-01   7.9000000000000037e-01 -1 62 #xyz tv3 fid bid
          -1.0000000000000000e+01   3.6249999999999988e-01   7.9000000000000026e-01 #xyz tv0
          -1.0000000000000000e+01   7.2499999999999976e-01   7.9000000000000037e-01 #xyz tv1
          -1.0000000000000000e+01   7.2499999999999998e-01   8.2499999999999996e-01 66 -1 #xyz tv2 fid bid
          -1.0000000000000000e+01   7.2499999999999976e-01   7.9000000000000037e-01 #xyz tv0
          -7.5000000000000000e+00   7.2499999999999987e-01   7.9000000000000026e-01 #xyz tv1
          -1.0000000000000000e+01   7.2499999999999998e-01   8.2499999999999996e-01 67 -1 #xyz tv2 fid bid
          -1.0000000000000000e+01   7.2499999999999976e-01   7.9000000000000037e-01 #xyz ev0
          -1.0000000000000000e+01   7.2499999999999998e-01   8.2499999999999996e-01 -1 62 #xyz ev1 fid bid
   0   0.000000000000e+00   0.000000000000e+00   0.000000000000e+00 #flag location
END_ERR 
G3dErrFileVersion 2018P3.1
FlagFileMetaData Begin
   Mesh Size - Setup1, Refinement, Pass #6, Freq. 3.125000e+09 :Title    
   Listing of mesh elements with small segments. :ToolTip  
   hf3d :Author   
   1647434260 :TimeStamp
FlagFileMetaData End
BEGIN_ERR 
26 Small mesh segment detected on body : mp50ohm
 Small mesh segment detected on body : mp50ohm 
 Segment Statistics - Number of Segments : 1 --- Segment length(s) : 0.035000mm. The cutoff frequency for S-Matrix Only Solve is 5.99584916MHz 
3 -1  66  67  # nfids, fids[]
2 62  -1  # nbids, bids[]
      6 2 1 0 #ntets ntri ned npts
          -8.7500000000000000e+00   7.2499999999999987e-01   7.9000000000000026e-01 #xyz tv0
          -1.0000000000000000e+01   7.2499999999999998e-01   8.2499999999999996e-01 #xyz tv1
          -1.0000000000000000e+01   3.6249999999999988e-01   7.9000000000000026e-01 #xyz tv2
          -1.0000000000000000e+01   7.2499999999999976e-01   7.9000000000000037e-01 -1 62 #xyz tv3 fid bid
          -1.0899224308523420e+01   3.6222230515038845e-01   7.9000000000000026e-01 #xyz tv0
          -1.0000000000000000e+01   3.6249999999999988e-01   7.9000000000000026e-01 #xyz tv1
          -1.0000000000000000e+01   7.2499999999999998e-01   8.2499999999999996e-01 #xyz tv2
          -1.0000000000000000e+01   7.2499999999999976e-01   7.9000000000000037e-01 -1 62 #xyz tv3 fid bid
          -8.7500000000000000e+00   7.2499999999999987e-01   7.9000000000000026e-01 #xyz tv0
          -8.9486089686395083e+00   2.0056180457455883e+00   7.9000000000000026e-01 #xyz tv1
          -1.0000000000000000e+01   7.2499999999999998e-01   8.2499999999999996e-01 #xyz tv2
          -1.0000000000000000e+01   7.2499999999999976e-01   7.9000000000000037e-01 -1 62 #xyz tv3 fid bid
          -1.0899224308523420e+01   3.6222230515038845e-01   7.9000000000000026e-01 #xyz tv0
          -1.0000000000000000e+01   7.2499999999999998e-01   8.2499999999999996e-01 #xyz tv1
          -1.1066489386455451e+01   1.8820832292485479e+00   7.9000000000000026e-01 #xyz tv2
          -1.0000000000000000e+01   7.2499999999999976e-01   7.9000000000000037e-01 -1 62 #xyz tv3 fid bid
          -1.0041348356489232e+01   1.9401685345834419e+00   7.9000000000000026e-01 #xyz tv0
          -1.0000000000000000e+01   7.2499999999999976e-01   7.9000000000000037e-01 #xyz tv1
          -1.0000000000000000e+01   7.2499999999999998e-01   8.2499999999999996e-01 #xyz tv2
          -8.9486089686395083e+00   2.0056180457455883e+00   7.9000000000000026e-01 -1 62 #xyz tv3 fid bid
          -1.0041348356489232e+01   1.9401685345834419e+00   7.9000000000000026e-01 #xyz tv0
          -1.0000000000000000e+01   7.2499999999999998e-01   8.2499999999999996e-01 #xyz tv1
          -1.0000000000000000e+01   7.2499999999999976e-01   7.9000000000000037e-01 #xyz tv2
          -1.1066489386455451e+01   1.8820832292485479e+00   7.9000000000000026e-01 -1 62 #xyz tv3 fid bid
          -1.0000000000000000e+01   3.6249999999999988e-01   7.9000000000000026e-01 #xyz tv0
          -1.0000000000000000e+01   7.2499999999999976e-01   7.9000000000000037e-01 #xyz tv1
          -1.0000000000000000e+01   7.2499999999999998e-01   8.2499999999999996e-01 66 -1 #xyz tv2 fid bid
          -1.0000000000000000e+01   7.2499999999999976e-01   7.9000000000000037e-01 #xyz tv0
          -8.7500000000000000e+00   7.2499999999999987e-01   7.9000000000000026e-01 #xyz tv1
          -1.0000000000000000e+01   7.2499999999999998e-01   8.2499999999999996e-01 67 -1 #xyz tv2 fid bid
          -1.0000000000000000e+01   7.2499999999999976e-01   7.9000000000000037e-01 #xyz ev0
          -1.0000000000000000e+01   7.2499999999999998e-01   8.2499999999999996e-01 -1 62 #xyz ev1 fid bid
   0   0.000000000000e+00   0.000000000000e+00   0.000000000000e+00 #flag location
END_ERR 
G3dErrFileVersion 2018P3.1
FlagFileMetaData Begin
   Mesh Size - Setup1, Refinement, Pass #7, Freq. 3.125000e+09 :Title    
   Listing of mesh elements with small segments. :ToolTip  
   hf3d :Author   
   1647434262 :TimeStamp
FlagFileMetaData End
BEGIN_ERR 
26 Small mesh segment detected on body : mp50ohm
 Small mesh segment detected on body : mp50ohm 
 Segment Statistics - Number of Segments : 1 --- Segment length(s) : 0.035000mm. The cutoff frequency for S-Matrix Only Solve is 5.99584916MHz 
3 -1  66  67  # nfids, fids[]
2 62  -1  # nbids, bids[]
      5 2 1 0 #ntets ntri ned npts
          -8.7500000000000000e+00   7.2499999999999987e-01   7.9000000000000026e-01 #xyz tv0
          -1.0000000000000000e+01   7.2499999999999998e-01   8.2499999999999996e-01 #xyz tv1
          -1.0000000000000000e+01   3.6249999999999988e-01   7.9000000000000026e-01 #xyz tv2
          -1.0000000000000000e+01   7.2499999999999976e-01   7.9000000000000037e-01 -1 62 #xyz tv3 fid bid
          -1.0899224308523420e+01   3.6222230515038845e-01   7.9000000000000026e-01 #xyz tv0
          -1.0000000000000000e+01   3.6249999999999988e-01   7.9000000000000026e-01 #xyz tv1
          -1.0000000000000000e+01   7.2499999999999998e-01   8.2499999999999996e-01 #xyz tv2
          -1.0000000000000000e+01   7.2499999999999976e-01   7.9000000000000037e-01 -1 62 #xyz tv3 fid bid
          -9.4411129320920946e+00   1.3635410114637538e+00   7.9000000000000026e-01 #xyz tv0
          -1.0000000000000000e+01   7.2499999999999998e-01   8.2499999999999996e-01 #xyz tv1
          -8.7500000000000000e+00   7.2499999999999987e-01   7.9000000000000026e-01 #xyz tv2
          -1.0000000000000000e+01   7.2499999999999976e-01   7.9000000000000037e-01 -1 62 #xyz tv3 fid bid
          -1.0453458390777234e+01   1.2873883155763162e+00   7.9000000000000026e-01 #xyz tv0
          -1.0899224308523420e+01   3.6222230515038845e-01   7.9000000000000026e-01 #xyz tv1
          -1.0000000000000000e+01   7.2499999999999998e-01   8.2499999999999996e-01 #xyz tv2
          -1.0000000000000000e+01   7.2499999999999976e-01   7.9000000000000037e-01 -1 62 #xyz tv3 fid bid
          -1.0000000000000000e+01   7.2499999999999998e-01   8.2499999999999996e-01 #xyz tv0
          -9.4411129320920946e+00   1.3635410114637538e+00   7.9000000000000026e-01 #xyz tv1
          -1.0453458390777234e+01   1.2873883155763162e+00   7.9000000000000026e-01 #xyz tv2
          -1.0000000000000000e+01   7.2499999999999976e-01   7.9000000000000037e-01 -1 62 #xyz tv3 fid bid
          -1.0000000000000000e+01   3.6249999999999988e-01   7.9000000000000026e-01 #xyz tv0
          -1.0000000000000000e+01   7.2499999999999976e-01   7.9000000000000037e-01 #xyz tv1
          -1.0000000000000000e+01   7.2499999999999998e-01   8.2499999999999996e-01 66 -1 #xyz tv2 fid bid
          -1.0000000000000000e+01   7.2499999999999976e-01   7.9000000000000037e-01 #xyz tv0
          -8.7500000000000000e+00   7.2499999999999987e-01   7.9000000000000026e-01 #xyz tv1
          -1.0000000000000000e+01   7.2499999999999998e-01   8.2499999999999996e-01 67 -1 #xyz tv2 fid bid
          -1.0000000000000000e+01   7.2499999999999976e-01   7.9000000000000037e-01 #xyz ev0
          -1.0000000000000000e+01   7.2499999999999998e-01   8.2499999999999996e-01 -1 62 #xyz ev1 fid bid
   0   0.000000000000e+00   0.000000000000e+00   0.000000000000e+00 #flag location
END_ERR 
G3dErrFileVersion 2018P3.1
FlagFileMetaData Begin
   Mesh Size - Setup1, Refinement, Pass #8, Freq. 3.125000e+09 :Title    
   Listing of mesh elements with small segments. :ToolTip  
   hf3d :Author   
   1647434265 :TimeStamp
FlagFileMetaData End
BEGIN_ERR 
26 Small mesh segment detected on body : box
 Small mesh segment detected on body : box 
 Segment Statistics - Number of Segments : 1 --- Segment length(s) : 0.027509mm. The cutoff frequency for S-Matrix Only Solve is 5.99584916MHz 
1 -1  # nfids, fids[]
1 34  # nbids, bids[]
      6 0 1 0 #ntets ntri ned npts
          -7.1644427197574636e+00  -1.1462932056238695e+00   8.0750000000000011e-01 #xyz tv0
          -6.5210434324659001e+00  -1.1249541628804414e+00   7.9000000000000004e-01 #xyz tv1
          -6.8750000000000000e+00  -7.2500000000000009e-01   7.9000000000000004e-01 #xyz tv2
          -7.1855822471027331e+00  -1.1443951385624600e+00   7.9000000000000004e-01 -1 34 #xyz tv3 fid bid
          -7.1644427197574636e+00  -1.1462932056238695e+00   8.0750000000000011e-01 #xyz tv0
          -7.1855822471027331e+00  -1.1443951385624600e+00   7.9000000000000004e-01 #xyz tv1
          -6.8750000000000000e+00  -7.2500000000000009e-01   7.9000000000000004e-01 #xyz tv2
          -7.5947950035333633e+00  -7.2499999999999998e-01   8.2499999999999996e-01 -1 34 #xyz tv3 fid bid
          -7.1644427197574636e+00  -1.1462932056238695e+00   8.0750000000000011e-01 #xyz tv0
          -6.5210434324659001e+00  -1.1249541628804414e+00   7.9000000000000004e-01 #xyz tv1
          -7.1855822471027331e+00  -1.1443951385624600e+00   7.9000000000000004e-01 #xyz tv2
          -6.7920868649318020e+00  -1.5249083257608826e+00   7.9000000000000004e-01 -1 34 #xyz tv3 fid bid
          -7.1644427197574636e+00  -1.1462932056238695e+00   8.0750000000000011e-01 #xyz tv0
          -7.2615315331842680e+00  -1.2291108223891287e+00   1.5399733013057286e+00 #xyz tv1
          -7.1855822471027331e+00  -1.1443951385624600e+00   7.9000000000000004e-01 #xyz tv2
          -7.5947950035333633e+00  -7.2499999999999998e-01   8.2499999999999996e-01 -1 34 #xyz tv3 fid bid
          -7.1855822471027331e+00  -1.1443951385624600e+00   7.9000000000000004e-01 #xyz tv0
          -7.5140526820844746e+00  -1.5685059005929083e+00   7.9000000000000004e-01 #xyz tv1
          -7.1644427197574636e+00  -1.1462932056238695e+00   8.0750000000000011e-01 #xyz tv2
          -6.7920868649318020e+00  -1.5249083257608826e+00   7.9000000000000004e-01 -1 34 #xyz tv3 fid bid
          -7.1855822471027331e+00  -1.1443951385624600e+00   7.9000000000000004e-01 #xyz tv0
          -7.1644427197574636e+00  -1.1462932056238695e+00   8.0750000000000011e-01 #xyz tv1
          -7.5140526820844746e+00  -1.5685059005929083e+00   7.9000000000000004e-01 #xyz tv2
          -7.2615315331842680e+00  -1.2291108223891287e+00   1.5399733013057286e+00 -1 34 #xyz tv3 fid bid
          -7.1644427197574636e+00  -1.1462932056238695e+00   8.0750000000000011e-01 #xyz ev0
          -7.1855822471027331e+00  -1.1443951385624600e+00   7.9000000000000004e-01 -1 34 #xyz ev1 fid bid
   0   0.000000000000e+00   0.000000000000e+00   0.000000000000e+00 #flag location
END_ERR 
G3dErrFileVersion 2018P3.1
FlagFileMetaData Begin
   Mesh Size - Setup1, Refinement, Pass #8, Freq. 3.125000e+09 :Title    
   Listing of mesh elements with small segments. :ToolTip  
   hf3d :Author   
   1647434438 :TimeStamp
FlagFileMetaData End
BEGIN_ERR 
26 Small mesh segment detected on body : box
 Small mesh segment detected on body : box 
 Segment Statistics - Number of Segments : 1 --- Segment length(s) : 0.027509mm. The cutoff frequency for S-Matrix Only Solve is 5.99584916MHz 
1 -1  # nfids, fids[]
1 34  # nbids, bids[]
      6 0 1 0 #ntets ntri ned npts
          -7.1644427197574636e+00  -1.1462932056238695e+00   8.0750000000000011e-01 #xyz tv0
          -6.5210434324659001e+00  -1.1249541628804414e+00   7.9000000000000004e-01 #xyz tv1
          -6.8750000000000000e+00  -7.2500000000000009e-01   7.9000000000000004e-01 #xyz tv2
          -7.1855822471027331e+00  -1.1443951385624600e+00   7.9000000000000004e-01 -1 34 #xyz tv3 fid bid
          -7.1644427197574636e+00  -1.1462932056238695e+00   8.0750000000000011e-01 #xyz tv0
          -7.1855822471027331e+00  -1.1443951385624600e+00   7.9000000000000004e-01 #xyz tv1
          -6.8750000000000000e+00  -7.2500000000000009e-01   7.9000000000000004e-01 #xyz tv2
          -7.5947950035333633e+00  -7.2499999999999998e-01   8.2499999999999996e-01 -1 34 #xyz tv3 fid bid
          -7.1644427197574636e+00  -1.1462932056238695e+00   8.0750000000000011e-01 #xyz tv0
          -6.5210434324659001e+00  -1.1249541628804414e+00   7.9000000000000004e-01 #xyz tv1
          -7.1855822471027331e+00  -1.1443951385624600e+00   7.9000000000000004e-01 #xyz tv2
          -6.7920868649318020e+00  -1.5249083257608826e+00   7.9000000000000004e-01 -1 34 #xyz tv3 fid bid
          -7.1644427197574636e+00  -1.1462932056238695e+00   8.0750000000000011e-01 #xyz tv0
          -7.2615315331842680e+00  -1.2291108223891287e+00   1.5399733013057286e+00 #xyz tv1
          -7.1855822471027331e+00  -1.1443951385624600e+00   7.9000000000000004e-01 #xyz tv2
          -7.5947950035333633e+00  -7.2499999999999998e-01   8.2499999999999996e-01 -1 34 #xyz tv3 fid bid
          -7.1855822471027331e+00  -1.1443951385624600e+00   7.9000000000000004e-01 #xyz tv0
          -7.5140526820844746e+00  -1.5685059005929083e+00   7.9000000000000004e-01 #xyz tv1
          -7.1644427197574636e+00  -1.1462932056238695e+00   8.0750000000000011e-01 #xyz tv2
          -6.7920868649318020e+00  -1.5249083257608826e+00   7.9000000000000004e-01 -1 34 #xyz tv3 fid bid
          -7.1855822471027331e+00  -1.1443951385624600e+00   7.9000000000000004e-01 #xyz tv0
          -7.1644427197574636e+00  -1.1462932056238695e+00   8.0750000000000011e-01 #xyz tv1
          -7.5140526820844746e+00  -1.5685059005929083e+00   7.9000000000000004e-01 #xyz tv2
          -7.2615315331842680e+00  -1.2291108223891287e+00   1.5399733013057286e+00 -1 34 #xyz tv3 fid bid
          -7.1644427197574636e+00  -1.1462932056238695e+00   8.0750000000000011e-01 #xyz ev0
          -7.1855822471027331e+00  -1.1443951385624600e+00   7.9000000000000004e-01 -1 34 #xyz ev1 fid bid
   0   0.000000000000e+00   0.000000000000e+00   0.000000000000e+00 #flag location
END_ERR 
G3dErrFileVersion 2018P3.1
FlagFileMetaData Begin
   Mesh Size - Setup1, Refinement, Pass #8, Freq. 3.125000e+09 :Title    
   Listing of mesh elements with small segments. :ToolTip  
   hf3d :Author   
   1647434777 :TimeStamp
FlagFileMetaData End
BEGIN_ERR 
26 Small mesh segment detected on body : box
 Small mesh segment detected on body : box 
 Segment Statistics - Number of Segments : 1 --- Segment length(s) : 0.027509mm. The cutoff frequency for S-Matrix Only Solve is 5.99584916MHz 
1 -1  # nfids, fids[]
1 34  # nbids, bids[]
      6 0 1 0 #ntets ntri ned npts
          -7.1644427197574636e+00  -1.1462932056238695e+00   8.0750000000000011e-01 #xyz tv0
          -6.5210434324659001e+00  -1.1249541628804414e+00   7.9000000000000004e-01 #xyz tv1
          -6.8750000000000000e+00  -7.2500000000000009e-01   7.9000000000000004e-01 #xyz tv2
          -7.1855822471027331e+00  -1.1443951385624600e+00   7.9000000000000004e-01 -1 34 #xyz tv3 fid bid
          -7.1644427197574636e+00  -1.1462932056238695e+00   8.0750000000000011e-01 #xyz tv0
          -7.1855822471027331e+00  -1.1443951385624600e+00   7.9000000000000004e-01 #xyz tv1
          -6.8750000000000000e+00  -7.2500000000000009e-01   7.9000000000000004e-01 #xyz tv2
          -7.5947950035333633e+00  -7.2499999999999998e-01   8.2499999999999996e-01 -1 34 #xyz tv3 fid bid
          -7.1644427197574636e+00  -1.1462932056238695e+00   8.0750000000000011e-01 #xyz tv0
          -6.5210434324659001e+00  -1.1249541628804414e+00   7.9000000000000004e-01 #xyz tv1
          -7.1855822471027331e+00  -1.1443951385624600e+00   7.9000000000000004e-01 #xyz tv2
          -6.7920868649318020e+00  -1.5249083257608826e+00   7.9000000000000004e-01 -1 34 #xyz tv3 fid bid
          -7.1644427197574636e+00  -1.1462932056238695e+00   8.0750000000000011e-01 #xyz tv0
          -7.2615315331842680e+00  -1.2291108223891287e+00   1.5399733013057286e+00 #xyz tv1
          -7.1855822471027331e+00  -1.1443951385624600e+00   7.9000000000000004e-01 #xyz tv2
          -7.5947950035333633e+00  -7.2499999999999998e-01   8.2499999999999996e-01 -1 34 #xyz tv3 fid bid
          -7.1855822471027331e+00  -1.1443951385624600e+00   7.9000000000000004e-01 #xyz tv0
          -7.5140526820844746e+00  -1.5685059005929083e+00   7.9000000000000004e-01 #xyz tv1
          -7.1644427197574636e+00  -1.1462932056238695e+00   8.0750000000000011e-01 #xyz tv2
          -6.7920868649318020e+00  -1.5249083257608826e+00   7.9000000000000004e-01 -1 34 #xyz tv3 fid bid
          -7.1855822471027331e+00  -1.1443951385624600e+00   7.9000000000000004e-01 #xyz tv0
          -7.1644427197574636e+00  -1.1462932056238695e+00   8.0750000000000011e-01 #xyz tv1
          -7.5140526820844746e+00  -1.5685059005929083e+00   7.9000000000000004e-01 #xyz tv2
          -7.2615315331842680e+00  -1.2291108223891287e+00   1.5399733013057286e+00 -1 34 #xyz tv3 fid bid
          -7.1644427197574636e+00  -1.1462932056238695e+00   8.0750000000000011e-01 #xyz ev0
          -7.1855822471027331e+00  -1.1443951385624600e+00   7.9000000000000004e-01 -1 34 #xyz ev1 fid bid
   0   0.000000000000e+00   0.000000000000e+00   0.000000000000e+00 #flag location
END_ERR 
G3dErrFileVersion 2018P3.1
FlagFileMetaData Begin
   Mesh Size - Setup1, Refinement, Pass #9, Freq. 3.125000e+09 :Title    
   Listing of mesh elements with small segments. :ToolTip  
   hf3d :Author   
   1647434782 :TimeStamp
FlagFileMetaData End
BEGIN_ERR 
26 Small mesh segment detected on body : mp50ohm
 Small mesh segment detected on body : mp50ohm 
 Segment Statistics - Number of Segments : 1 --- Segment length(s) : 0.035000mm. The cutoff frequency for S-Matrix Only Solve is 5.99584916MHz 
3 -1  66  67  # nfids, fids[]
2 62  -1  # nbids, bids[]
      5 2 1 0 #ntets ntri ned npts
          -9.3750000000000000e+00   7.2499999999999987e-01   7.9000000000000026e-01 #xyz tv0
          -1.0000000000000000e+01   7.2499999999999998e-01   8.2499999999999996e-01 #xyz tv1
          -1.0000000000000000e+01   3.6249999999999988e-01   7.9000000000000026e-01 #xyz tv2
          -1.0000000000000000e+01   7.2499999999999976e-01   7.9000000000000037e-01 -1 62 #xyz tv3 fid bid
          -1.0346366651419572e+01   5.1545242681893566e-01   7.9000000000000026e-01 #xyz tv0
          -1.0000000000000000e+01   7.2499999999999998e-01   8.2499999999999996e-01 #xyz tv1
          -1.0000000000000000e+01   7.2499999999999976e-01   7.9000000000000037e-01 #xyz tv2
          -1.0000000000000000e+01   3.6249999999999988e-01   7.9000000000000026e-01 -1 62 #xyz tv3 fid bid
          -9.6734213684890378e+00   1.0292364889490679e+00   7.9000000000000026e-01 #xyz tv0
          -1.0000000000000000e+01   7.2499999999999998e-01   8.2499999999999996e-01 #xyz tv1
          -9.3750000000000000e+00   7.2499999999999987e-01   7.9000000000000026e-01 #xyz tv2
          -1.0000000000000000e+01   7.2499999999999976e-01   7.9000000000000037e-01 -1 62 #xyz tv3 fid bid
          -1.0226729195388621e+01   1.0061941577881579e+00   7.9000000000000026e-01 #xyz tv0
          -1.0346366651419572e+01   5.1545242681893566e-01   7.9000000000000026e-01 #xyz tv1
          -1.0000000000000000e+01   7.2499999999999998e-01   8.2499999999999996e-01 #xyz tv2
          -1.0000000000000000e+01   7.2499999999999976e-01   7.9000000000000037e-01 -1 62 #xyz tv3 fid bid
          -1.0226729195388621e+01   1.0061941577881579e+00   7.9000000000000026e-01 #xyz tv0
          -1.0000000000000000e+01   7.2499999999999998e-01   8.2499999999999996e-01 #xyz tv1
          -9.6734213684890378e+00   1.0292364889490679e+00   7.9000000000000026e-01 #xyz tv2
          -1.0000000000000000e+01   7.2499999999999976e-01   7.9000000000000037e-01 -1 62 #xyz tv3 fid bid
          -1.0000000000000000e+01   3.6249999999999988e-01   7.9000000000000026e-01 #xyz tv0
          -1.0000000000000000e+01   7.2499999999999976e-01   7.9000000000000037e-01 #xyz tv1
          -1.0000000000000000e+01   7.2499999999999998e-01   8.2499999999999996e-01 66 -1 #xyz tv2 fid bid
          -1.0000000000000000e+01   7.2499999999999976e-01   7.9000000000000037e-01 #xyz tv0
          -9.3750000000000000e+00   7.2499999999999987e-01   7.9000000000000026e-01 #xyz tv1
          -1.0000000000000000e+01   7.2499999999999998e-01   8.2499999999999996e-01 67 -1 #xyz tv2 fid bid
          -1.0000000000000000e+01   7.2499999999999976e-01   7.9000000000000037e-01 #xyz ev0
          -1.0000000000000000e+01   7.2499999999999998e-01   8.2499999999999996e-01 -1 62 #xyz ev1 fid bid
   0   0.000000000000e+00   0.000000000000e+00   0.000000000000e+00 #flag location
END_ERR 
G3dErrFileVersion 2018P3.1
FlagFileMetaData Begin
   Mesh Size - Setup1, Refinement, Pass #1, Freq. 3.125000e+09 :Title    
   Listing of mesh elements with small segments. :ToolTip  
   hf3d :Author   
   1647436589 :TimeStamp
FlagFileMetaData End
BEGIN_ERR 
26 Small mesh segment detected on body : mp50ohm
 Small mesh segment detected on body : mp50ohm 
 Segment Statistics - Number of Segments : 1 --- Segment length(s) : 0.035000mm. The cutoff frequency for S-Matrix Only Solve is 4.83536222580645MHz 
3 -1  66  67  # nfids, fids[]
2 62  -1  # nbids, bids[]
      5 2 1 0 #ntets ntri ned npts
          -2.8999999999999996e+01   3.6249999999999988e-01   7.9000000000000026e-01 #xyz tv0
          -2.3999999999999996e+01   7.2499999999999998e-01   8.2499999999999996e-01 #xyz tv1
          -2.8999999999999996e+01   7.2499999999999998e-01   8.2499999999999996e-01 #xyz tv2
          -2.8999999999999996e+01   7.2499999999999976e-01   7.9000000000000037e-01 -1 62 #xyz tv3 fid bid
          -2.8999999999999996e+01   7.2499999999999976e-01   7.9000000000000037e-01 #xyz tv0
          -2.8999999999999996e+01   7.2499999999999998e-01   8.2499999999999996e-01 #xyz tv1
          -2.2250976562500000e+01   1.0000000000000000e+01   7.9000000000000004e-01 #xyz tv2
          -2.3999999999999996e+01   7.2499999999999998e-01   8.2499999999999996e-01 -1 62 #xyz tv3 fid bid
          -3.1000000000000000e+01   0.0000000000000000e+00   7.9000000000000004e-01 #xyz tv0
          -2.8999999999999996e+01   7.2499999999999998e-01   8.2499999999999996e-01 #xyz tv1
          -2.8999999999999996e+01   7.2499999999999976e-01   7.9000000000000037e-01 #xyz tv2
          -2.8999999999999996e+01   3.6249999999999988e-01   7.9000000000000026e-01 -1 62 #xyz tv3 fid bid
          -2.8999999999999996e+01   7.2499999999999998e-01   8.2499999999999996e-01 #xyz tv0
          -2.2250976562500000e+01   1.0000000000000000e+01   7.9000000000000004e-01 #xyz tv1
          -3.1000000000000000e+01   5.0000000000000000e+00   7.9000000000000004e-01 #xyz tv2
          -2.8999999999999996e+01   7.2499999999999976e-01   7.9000000000000037e-01 -1 62 #xyz tv3 fid bid
          -3.1000000000000000e+01   0.0000000000000000e+00   7.9000000000000004e-01 #xyz tv0
          -2.8999999999999996e+01   7.2499999999999976e-01   7.9000000000000037e-01 #xyz tv1
          -2.8999999999999996e+01   7.2499999999999998e-01   8.2499999999999996e-01 #xyz tv2
          -3.1000000000000000e+01   5.0000000000000000e+00   7.9000000000000004e-01 -1 62 #xyz tv3 fid bid
          -2.8999999999999996e+01   3.6249999999999988e-01   7.9000000000000026e-01 #xyz tv0
          -2.8999999999999996e+01   7.2499999999999976e-01   7.9000000000000037e-01 #xyz tv1
          -2.8999999999999996e+01   7.2499999999999998e-01   8.2499999999999996e-01 66 -1 #xyz tv2 fid bid
          -2.8999999999999996e+01   7.2499999999999976e-01   7.9000000000000037e-01 #xyz tv0
          -2.3999999999999996e+01   7.2499999999999998e-01   8.2499999999999996e-01 #xyz tv1
          -2.8999999999999996e+01   7.2499999999999998e-01   8.2499999999999996e-01 67 -1 #xyz tv2 fid bid
          -2.8999999999999996e+01   7.2499999999999976e-01   7.9000000000000037e-01 #xyz ev0
